# X	Y	Z
107.648323	9.447998	51.064190
107.648323	9.447998	51.064190
109.328033	-5.438741	51.883156
106.336143	20.312256	50.479042
109.047127	-6.150369	51.780354
-7.281062	16.181946	50.465996
107.291695	5.805882	51.023872
-6.220327	-8.123760	50.370945
-6.220327	-8.123760	50.370945
110.398338	-16.767963	52.515285
-5.524378	1.838995	49.937519
-5.365368	-9.312289	50.086613
-5.268236	9.862537	50.321312
-5.227445	-1.105600	50.239380
-5.227445	-1.105600	50.239380
-5.199113	12.791076	50.257370
-5.187677	14.541492	50.324413
-5.124458	2.245610	50.441269
-5.036495	-7.523798	50.344318
-4.886656	-0.833993	50.099808
-4.825682	12.002091	50.506084
-4.825682	12.002091	50.506084
-4.757626	7.464619	50.081974
-4.777961	15.906039	50.433292
-4.761227	14.538927	50.301250
-4.761227	14.538927	50.301250
-4.749308	13.706390	50.391949
-4.749308	13.706390	50.391949
-4.741935	0.644720	50.319103
-4.741935	0.644720	50.319103
-4.731559	2.415804	50.290462
-4.731559	2.415804	50.290462
-4.685637	18.099373	50.259518
-4.668167	12.825736	50.163532
-4.684242	4.421813	50.353840
-4.685521	15.395524	50.390072
-4.616571	5.604444	50.307854
-4.616571	5.604444	50.307854
-4.599294	8.961588	50.342476
-4.570143	8.378507	50.252747
-4.570143	8.378507	50.252747
-4.569085	10.514890	50.317841
-4.569085	10.514890	50.317841
-4.473783	-1.121700	50.322834
-4.458587	14.111110	50.328201
-4.451130	0.254458	50.306721
-4.435856	6.062340	50.468258
-4.400846	14.934955	50.240089
-4.400846	14.934955	50.240089
-4.362999	17.130993	49.840538
-4.402803	16.263952	50.314762
-4.402803	16.263952	50.314762
-4.184151	12.778930	50.036221
-4.172276	13.674984	50.328590
-4.156436	10.917798	50.307339
-4.114505	11.805352	50.154900
-4.114505	11.805352	50.154900
-4.122779	10.020764	50.267742
-4.122779	10.020764	50.267742
-4.121480	14.507114	50.255013
-4.085134	10.644382	50.316635
-4.060935	17.040009	50.177734
-4.060935	17.040009	50.177734
-3.432956	17.484287	50.187328
-3.414169	21.279171	50.151394
-3.356409	20.135996	50.091957
-2.985912	19.086258	50.107132
-2.923589	18.278353	50.098282
-2.781595	20.276201	49.971550
105.934273	14.570739	50.399586
109.174980	-4.842806	51.956852
109.174980	-4.842806	51.956852
-2.023303	14.607060	50.119297
-1.966895	11.703448	50.314251
-1.852149	20.041605	49.900993
-1.852149	20.041605	49.900993
-1.813789	15.226130	51.308224
-1.776699	12.017887	50.271549
-1.579130	11.380487	50.199623
-1.562011	10.890194	51.586674
107.256332	10.088691	51.052483
-0.912731	9.148241	50.286774
-0.850107	15.995680	50.067974
-0.646764	-12.498514	52.689903
-0.380392	14.485877	49.936668
105.729057	19.627932	50.334328
0.303437	18.172256	49.951725
0.513241	17.511047	49.908108
0.593073	8.949409	49.982529
0.793658	17.217384	50.059307
1.119895	12.187724	50.309990
1.256917	18.780411	49.928455
106.875626	14.689574	50.897770
1.350141	16.401331	50.012623
1.355986	17.851635	49.955677
1.574754	18.285505	49.908581
1.840743	-11.050255	50.723774
1.837898	9.100334	50.321804
1.900362	11.890878	50.062366
1.898240	17.492304	49.869133
1.898240	17.492304	49.869133
2.009110	18.626562	50.183517
2.009110	18.626562	50.183517
2.315382	8.587284	50.196815
2.315382	8.587284	50.196815
2.833751	11.498838	50.255859
2.883676	10.399128	50.349361
2.924228	-10.969749	50.905930
2.995772	11.288942	50.362320
108.644096	-5.930686	51.748554
107.932190	4.064767	51.414303
3.042696	19.368803	49.989418
3.042696	19.368803	49.989418
3.070698	8.821927	50.229790
3.196203	-11.414766	51.359844
3.160018	12.345928	50.093842
3.267360	9.450171	50.249302
3.267360	9.450171	50.249302
3.493658	11.550714	50.144844
3.684801	15.731890	49.992889
3.709368	18.136957	49.905228
107.363571	9.573871	51.188129
3.910651	18.189081	50.362473
3.939558	-0.411341	50.539211
3.939558	-0.411341	50.539211
3.939558	-0.411341	50.539211
4.004642	11.251873	50.213066
4.122103	-4.217692	50.498493
4.122103	-4.217692	50.498493
4.136381	17.413126	49.977974
4.279803	7.922812	51.110878
4.342797	8.271351	50.293396
4.380707	10.867679	50.101292
4.458998	9.583584	50.279045
4.600656	7.298427	51.218872
4.582519	0.099667	50.546925
4.553583	17.272680	50.017170
4.701288	4.100394	50.502632
4.711518	-5.714087	50.349331
4.769311	11.451883	50.424702
4.742367	17.499386	49.875515
4.863766	-3.432142	50.486465
8.108658	-0.527090	83.252106
4.861177	16.948658	49.828053
5.130342	9.347397	50.344864
5.219727	8.183358	50.341988
5.294968	3.678457	50.480381
108.870605	-5.258913	51.993282
5.395976	3.538383	50.436832
8.947846	6.915503	81.994156
5.702176	-4.968011	50.503464
5.702176	-4.968011	50.503464
5.702176	-4.968011	50.503464
5.857561	2.866265	50.515652
6.178502	-3.760957	50.662277
6.240515	4.227354	50.536678
6.246211	18.709660	50.103352
6.312996	-4.422947	50.584549
6.551137	3.274968	50.634800
6.551137	3.274968	50.634800
6.551137	3.274968	50.634800
6.567614	-4.172650	50.624283
107.351158	5.330762	51.279385
6.636517	1.902491	50.635574
6.636517	1.902491	50.635574
107.316757	6.860974	51.282848
6.925363	-6.397147	50.455128
7.154966	14.633005	50.104580
7.191025	5.277647	50.151867
7.757398	2.645960	50.508293
7.763151	14.449840	50.136456
7.853084	3.806869	50.541782
7.930595	-5.081100	50.603718
7.930595	-5.081100	50.603718
8.006158	-3.951062	50.624512
8.006158	-3.951062	50.624512
7.983001	9.572604	50.031143
8.129109	15.877441	50.012550
8.169183	13.573877	49.954407
8.431205	8.461608	50.923309
8.363151	15.011651	50.121807
8.363151	15.011651	50.121807
8.363151	15.011651	50.121807
8.495341	0.054453	50.639145
8.487284	12.622482	50.576294
8.559896	-4.336933	50.651108
8.495384	11.398229	50.183697
8.566275	4.031061	50.507187
8.611997	14.254325	50.495586
8.736217	10.548838	50.184509
8.736217	10.548838	50.184509
107.279854	4.468194	51.327293
8.845363	-0.371935	50.525280
9.301358	-10.633749	52.943855
8.908346	-5.922531	50.527454
8.908346	-5.922531	50.527454
8.908346	-5.922531	50.527454
106.850922	3.393962	51.158611
9.117296	7.099592	50.335079
9.172023	3.606528	50.544270
9.172023	3.606528	50.544270
9.097824	16.136333	50.050674
9.222727	-8.935620	50.621342
9.261875	-3.824042	50.715034
9.202054	17.082331	50.021366
9.325258	1.925952	50.609745
9.269826	15.064132	50.059185
9.363633	10.572156	50.265755
9.409652	12.284446	50.317020
9.652217	16.638466	49.935493
9.775762	7.879178	50.521523
9.957506	-6.451350	50.624622
9.927459	15.194886	50.012680
10.082376	-5.050900	50.633507
10.130933	3.703129	50.830334
10.047576	16.852551	50.063667
10.126564	10.610944	50.364483
10.171011	8.556758	50.153164
10.391915	1.639609	50.623852
10.391915	1.639609	50.623852
10.365302	11.836636	50.235924
10.427647	17.007601	50.152130
10.471437	15.264252	50.093597
10.486077	14.319463	49.810913
10.486077	14.319463	49.810913
10.768971	10.897830	50.178871
11.070136	-3.588526	50.571548
11.011695	8.411332	50.261696
10.947244	18.440962	49.940193
11.137936	2.077169	50.490032
11.137397	-5.507388	50.437347
11.159164	3.482049	50.416527
11.159164	3.482049	50.416527
11.235205	-6.219197	50.617271
11.386436	18.871101	50.201500
11.655132	-6.711437	50.591797
11.704412	-5.736204	50.648163
11.587747	15.233029	50.010891
11.659554	17.341021	50.091053
11.720005	9.830792	50.148228
11.871327	20.169556	49.998615
12.004333	14.773937	50.255505
12.079967	15.254968	50.098892
12.140721	0.663379	50.202637
12.140721	0.663379	50.202637
12.275090	0.086237	50.538963
12.275090	0.086237	50.538963
12.485739	2.625903	51.177177
12.242044	8.990663	50.034069
12.351295	1.268020	50.476967
12.616378	-3.542008	50.899948
12.509493	-0.357391	49.895927
12.574726	16.845974	49.937885
12.863299	0.722954	50.404865
12.803841	13.795999	50.116619
13.183294	-5.080666	50.327854
13.129365	9.211212	50.073559
13.270929	-5.093293	50.568367
13.270929	-5.093293	50.568367
13.270929	-5.093293	50.568367
13.270929	-5.093293	50.568367
13.200474	13.676939	49.969326
13.281751	14.021201	49.930550
13.302217	16.503323	49.970890
106.945473	6.152214	51.235577
13.623483	0.363357	50.448147
13.519169	15.471264	50.019310
13.616631	3.528598	50.275856
13.695004	-3.649699	50.485168
13.700830	0.935959	50.452927
13.774913	-4.097890	50.602180
13.727284	10.666740	50.087330
13.708788	10.582921	49.842289
13.899288	-4.562133	50.471031
13.899288	-4.562133	50.471031
13.853737	14.119744	49.865650
14.092502	-4.295389	50.521103
14.092502	-4.295389	50.521103
14.091539	1.472498	50.314938
14.091539	1.472498	50.314938
14.123919	3.443700	50.401733
14.133803	12.889441	50.418541
14.147951	0.595541	50.424107
14.147951	0.595541	50.424107
14.236248	1.029248	50.256805
14.236248	1.029248	50.256805
14.288336	10.937367	50.250813
14.246329	8.934304	50.024788
14.246329	8.934304	50.024788
14.518667	17.891689	49.940578
14.633042	11.329125	50.233002
14.577846	13.289049	50.014580
106.945473	6.152214	51.235577
14.674563	15.860508	49.964230
14.701683	15.314263	49.928013
14.836267	20.106697	50.049652
14.836267	20.106697	50.049652
14.995196	14.835288	49.958973
15.217804	9.073274	50.362324
15.171846	9.641037	50.006203
15.242389	17.175316	50.041870
15.359994	13.983118	49.906990
15.676293	16.435425	49.924133
15.898384	15.887885	49.927452
16.179844	18.176567	49.937435
16.378145	15.648937	49.933857
16.489805	10.934946	50.072304
16.478561	15.093991	49.903805
16.723280	17.722429	49.884083
16.818348	9.767931	49.862888
16.818348	9.767931	49.862888
17.386419	6.538751	50.935692
17.386419	6.538751	50.935692
17.225174	20.022100	49.992680
17.345325	17.453362	49.891869
17.798681	15.740177	49.862167
17.833147	11.196348	49.952576
18.118357	20.022171	49.946293
18.272831	11.979989	50.109859
18.238426	18.253878	49.808002
18.987700	19.941648	49.894676
106.265366	14.471343	50.989773
105.259659	20.489693	50.571926
106.639771	7.700383	51.240391
107.713074	-4.251132	51.762669
21.963614	21.383150	50.485462
21.963614	21.383150	50.485462
104.941383	19.144644	50.469929
22.047085	18.847961	50.267021
104.941383	19.144644	50.469929
22.598932	10.676167	50.411404
22.536564	18.307957	50.144592
106.162384	10.662249	51.069977
106.162384	10.662249	51.069977
105.286530	19.840086	50.660721
107.473511	-1.580643	51.730518
23.052382	21.000191	49.932083
23.863487	6.323884	51.222713
105.895126	13.604069	50.985977
23.915054	20.881851	51.035309
107.723244	-5.144238	51.867302
24.779484	17.314352	51.867077
106.070580	3.418287	51.096622
24.802959	18.653620	51.593803
25.095915	19.564831	52.015770
24.390793	11.025385	50.221264
25.385994	18.147293	52.173912
25.588076	19.841160	52.408173
26.798429	-9.185759	54.861145
26.606714	9.528088	53.621639
27.673021	2.779107	54.972919
27.318199	18.311628	54.099785
106.012802	6.876487	51.098282
107.538742	-2.260366	51.834476
27.842232	11.688212	54.964115
27.567646	16.861856	54.372692
28.231960	17.831215	55.383804
28.284124	18.474722	55.329430
28.284124	18.474722	55.329430
28.705910	-1.614864	55.657406
29.406641	12.458022	56.968353
29.411280	16.960640	56.487976
30.308414	13.025809	57.592136
30.252817	13.998027	57.479832
30.292620	16.747160	57.452595
105.002373	20.988789	50.631329
105.656372	11.549365	50.991333
106.318932	6.332679	51.324894
105.847649	11.790773	51.101204
106.366463	10.273117	51.373363
107.547729	-6.417015	51.949825
106.982414	-0.159296	51.682610
105.723015	12.667193	51.074699
106.034523	8.823263	51.229454
106.034523	8.823263	51.229454
105.888054	5.695417	51.181213
106.286560	7.431917	51.378765
105.922783	10.978559	51.208153
105.922783	10.978559	51.208153
105.806015	9.998629	51.167439
105.806015	9.998629	51.167439
105.227585	14.549881	50.892792
105.099380	15.343569	50.833656
105.915199	9.480210	51.265404
108.410599	-16.024330	52.484516
105.429916	14.078240	51.067276
105.353882	19.481743	51.039482
105.875793	6.658993	51.326168
104.755951	16.423973	50.794567
106.631615	-3.747769	51.717766
107.037560	-4.728196	51.922035
106.015747	5.294634	51.426048
106.246086	2.650100	51.539921
106.453033	2.189737	51.662010
105.153374	13.513628	51.040833
105.363548	7.411658	51.149052
53.647835	24.371494	86.633514
105.721901	8.973978	51.334408
106.820900	-5.608187	51.874729
105.303780	10.850290	51.162407
104.393364	19.959080	50.724171
104.707550	14.604032	50.901432
104.886909	12.624122	51.006233
104.812904	15.199656	50.991669
104.812904	15.199656	50.991669
106.479546	-6.806240	51.808918
107.840134	-15.802910	52.509090
107.969826	-14.671078	52.601715
107.969826	-14.671078	52.601715
105.439163	9.986885	51.367943
104.779076	15.884194	51.046810
104.752258	13.749553	51.059971
104.843300	11.403133	51.107410
104.593391	14.259892	51.001293
104.593391	14.259892	51.001293
104.593391	14.259892	51.001293
105.276993	8.311431	51.353634
107.326225	-12.953298	52.391304
105.208633	6.660311	51.356796
104.684799	10.563866	51.103870
104.009804	18.949926	50.777481
106.977364	4.139510	52.232822
103.669174	20.309381	50.643829
106.133987	-3.025190	51.850475
106.502457	-5.205685	52.040833
106.502457	-5.205685	52.040833
106.174805	-1.601660	51.919022
102.753914	20.814411	50.275204
102.753914	20.814411	50.275204
106.247658	-0.312832	51.988247
106.247658	-0.312832	51.988247
104.940300	7.631854	51.351902
104.049248	15.862588	50.915924
107.314774	-13.640299	52.576988
107.314774	-13.640299	52.576988
104.669228	10.306174	51.298325
104.098274	14.299212	51.034668
104.195641	11.269193	51.123116
103.926720	14.861039	51.061203
104.421051	13.599571	51.319538
104.428940	8.374067	51.348507
103.819443	11.989054	51.102200
63.051044	-10.686934	88.129425
104.208237	11.298124	51.305431
103.676979	15.979475	51.075996
63.379532	-8.053535	88.077980
103.903236	12.571581	51.251167
105.496490	-1.666878	52.048527
103.896721	14.002288	51.260910
103.896721	14.002288	51.260910
103.282791	14.627847	50.980743
103.400917	19.252413	51.047092
102.786888	21.059988	50.749332
103.257515	15.240158	50.988686
105.556007	-2.430138	52.144539
103.959854	7.644554	51.374187
105.614777	-7.066891	52.223442
105.614777	-7.066891	52.223442
105.178276	-0.924245	52.013321
103.337364	15.035252	51.237350
102.415482	20.511662	50.791824
104.110458	4.242135	51.635654
103.384438	13.775186	51.284615
102.314545	19.824362	50.801834
102.009727	20.977503	50.655544
102.958832	12.670716	51.128895
104.921944	5.256721	52.133972
104.504242	2.250724	51.947922
103.440025	15.729509	51.477715
65.851158	24.460569	87.692101
106.873970	-16.729307	53.189472
103.249367	11.887339	51.388191
102.870506	13.565659	51.214214
103.870819	3.899430	51.751019
103.361885	7.077481	51.529499
102.928955	12.587697	51.394169
103.175972	7.862479	51.576817
101.929024	21.108364	51.003540
103.746094	2.135322	51.915024
106.936447	-12.094501	53.551895
102.544807	13.086413	51.367702
103.071297	18.870800	51.665642
103.065590	6.303803	51.669071
101.371918	20.086472	50.820644
101.371918	20.086472	50.820644
102.278824	14.561162	51.280491
101.407639	19.253323	50.867443
102.236191	11.853711	51.468197
102.266434	13.881545	51.526917
102.698799	7.809779	51.755444
102.036621	14.967823	51.487007
107.446716	-8.888119	54.326065
106.452286	-10.541566	53.867367
101.156563	21.325115	51.246040
102.060349	13.279456	51.705116
102.345909	12.436416	51.854904
105.657028	-0.315102	53.559044
107.591789	-9.945541	54.545509
101.433243	14.730573	51.447819
103.319466	10.820267	52.418411
104.966682	3.836923	53.274128
102.519592	13.057221	52.168667
101.788666	15.333270	51.842484
70.746391	10.874760	88.550758
105.207436	4.183415	53.619301
103.133133	10.570373	52.573364
106.735100	2.230259	54.412369
102.330383	14.764866	52.175655
105.628693	3.479106	53.886131
100.793037	20.944857	51.479748
109.182587	-6.351079	55.783566
108.266029	-4.548195	55.389015
108.773567	-7.899133	55.737251
109.710648	-3.894016	56.240250
101.654793	14.282439	52.111397
102.585899	15.942869	52.608036
102.585899	15.942869	52.608036
104.008759	10.663486	53.394222
107.695930	3.905199	55.304058
110.400375	-6.886734	56.740799
103.133209	14.133352	53.034603
110.349594	-6.298366	56.755405
107.736191	3.475431	55.469795
108.366096	1.414179	55.805016
109.410080	-0.121597	56.379715
101.066780	20.852520	52.091835
104.140717	11.055772	53.695766
107.141693	0.489084	55.269012
106.300552	1.055841	54.836075
102.762123	13.527627	53.154648
74.548622	11.332924	87.570297
103.374779	14.025870	53.566631
102.866211	20.723192	53.319809
113.458542	-7.705341	58.915058
113.458542	-7.705341	58.915058
110.788452	-4.240974	57.537075
109.895683	-5.421664	57.075134
105.085014	12.610941	54.598274
105.291374	13.446085	54.715721
105.291374	13.446085	54.715721
112.323593	-11.724405	58.441025
112.035278	-10.451528	58.302990
112.248009	-9.049669	58.415798
104.745880	15.937000	54.514133
111.897903	-6.627789	58.238415
112.873299	-16.773722	58.747524
107.684227	3.899238	56.099773
111.844788	-8.026991	58.328278
111.819481	-7.169518	58.336872
103.788048	21.051088	54.177284
111.639824	-6.224661	58.320217
106.036568	13.863167	55.440918
110.923546	0.167334	58.020721
111.287224	-5.127891	58.217209
107.525093	7.363698	56.261719
112.873131	-9.924066	59.133114
113.177193	4.405413	59.381790
109.586617	4.560224	57.721962
68.585426	22.207241	70.563271
111.952026	3.408624	59.033562
108.696739	12.747761	57.343288
70.048927	19.259783	70.402084
111.366318	-0.355076	58.761089
70.959358	6.104846	70.635590
71.601906	6.416153	70.965530
110.823914	6.882995	58.684723
70.742958	18.138184	69.533661
72.387634	6.989368	70.974518
71.429474	19.928911	69.948334
71.728867	21.138771	70.203407
71.683174	18.652828	70.152512
109.750153	13.792090	58.203125
73.164619	11.349645	71.026283
73.574356	-1.150015	71.379723
73.574356	-1.150015	71.379723
73.461990	6.560750	71.207939
107.296890	21.080280	56.936451
73.011330	6.492829	70.699677
109.275238	15.017888	58.087009
73.019768	15.574434	70.443069
73.019768	15.574434	70.443069
72.721947	19.123682	70.132858
108.112137	20.863071	57.572803
73.915779	7.214632	70.532646
74.097214	9.909046	70.645012
108.161018	17.880772	58.399952
74.890427	14.608206	70.151657
74.890427	14.608206	70.151657
74.926926	20.495270	69.974731
77.127831	0.352175	71.636093
75.310371	16.907524	69.843124
75.310371	16.907524	69.843124
77.894714	-1.183398	71.293129
77.894714	-1.183398	71.293129
77.644310	7.114987	70.926155
78.494316	-0.389123	71.494507
78.777954	-1.425378	71.594719
77.394112	21.852716	70.303406
77.394112	21.852716	70.303406
77.394112	21.852716	70.303406
79.131035	-1.394490	71.293777
79.131035	-1.394490	71.293777
79.189896	-0.234635	71.271851
79.189896	-0.234635	71.271851
79.440598	-0.836358	71.408630
79.760620	6.726279	71.210968
78.892029	13.814464	70.372879
79.088249	12.916717	70.540558
79.088249	12.916717	70.540558
78.449966	17.570328	69.945435
102.357132	21.196955	57.726212
78.870422	15.335211	70.311752
78.526062	21.578098	69.904739
80.237465	-1.622470	71.428658
80.113297	8.649656	71.141632
79.485184	13.375441	70.527870
80.515999	6.526499	71.434280
79.193970	15.749611	70.244743
78.929482	18.105062	70.007072
80.665222	-0.286601	71.386162
80.891464	6.093174	71.458282
80.891464	6.093174	71.458282
82.270195	-1.393248	71.749641
149.078033	14.931405	87.773575
82.008263	-0.306699	71.440582
81.435875	9.963051	70.750481
82.405731	-1.903026	71.587364
81.088211	18.513054	70.167061
82.468063	4.715002	71.306862
81.659737	22.172268	70.094734
82.806572	21.117188	71.042084
81.638580	21.484999	69.936844
81.638580	21.484999	69.936844
83.381271	-0.283986	71.409248
83.411751	-1.446612	71.432793
83.958252	5.736513	71.808846
83.292686	4.822895	71.197708
83.332512	17.882750	71.222755
84.024254	-0.422243	71.604210
84.046478	-1.242124	71.622284
74.492126	18.071009	63.467182
84.180176	-0.820428	71.422470
84.424133	-1.455062	71.570396
83.196686	19.928171	70.108429
83.531067	16.847950	70.283806
85.102341	-0.289270	71.538086
85.214203	-1.456266	71.627899
85.035057	-1.306614	70.979858
86.383804	-0.697331	71.653717
86.279701	-0.341878	71.387421
86.571693	-1.481481	71.619225
86.571693	-1.481481	71.619225
138.032471	22.905622	86.473473
86.284431	5.782025	71.088921
86.284431	5.782025	71.088921
88.200737	15.464392	70.697144
88.200737	15.464392	70.697144
89.766998	5.625993	71.464745
90.697144	-1.295178	72.077736
90.697144	-1.295178	72.077736
90.057190	12.320075	71.506516
90.132645	5.361605	71.180809
89.161720	21.634121	70.165009
89.827164	13.028868	70.619217
89.466309	19.373260	70.318520
123.907341	22.947060	86.888878
90.803177	5.590427	71.265038
123.164680	24.163349	87.461670
89.945694	17.224400	70.525284
90.812149	17.963978	70.542717
89.897461	15.210008	69.751183
92.513229	9.531457	71.539833
108.118301	5.594420	51.226627
108.143600	12.164992	51.201206
108.156479	7.227192	51.161945
108.653915	6.216726	51.365307
108.039963	8.813896	51.067703
108.039963	8.813896	51.067703
108.438812	6.705358	51.255520
108.438812	6.705358	51.255520
109.067505	-2.572996	51.550236
108.029076	13.572386	51.016602
107.682137	19.916363	50.816288
107.635796	18.381851	50.779194
108.752968	5.015627	51.263893
106.921822	20.434711	50.394157
108.773857	10.138447	51.264153
108.611656	14.791270	51.155689
108.272194	11.776225	50.989109
108.784874	7.493270	51.177879
108.791992	8.247195	51.143955
109.088600	5.772960	51.265175
109.328995	4.359750	51.378086
109.328995	4.359750	51.378086
109.328995	4.359750	51.378086
108.344131	11.279245	50.799118
108.828690	16.770037	51.022118
109.004875	9.591181	51.048870
109.818130	0.291541	51.427399
108.923851	9.103695	50.992428
109.401634	4.197031	51.157330
108.127525	19.966080	50.552498
108.127525	19.966080	50.552498
109.931442	5.513985	51.346474
109.009323	19.327095	50.859299
109.936081	6.745022	51.267708
109.936081	6.745022	51.267708
109.545822	9.106531	51.069786
108.266586	20.567736	50.457672
109.617088	3.822079	51.079453
112.232094	-13.267673	52.290508
111.195343	-4.470809	51.790844
110.007271	8.584863	51.173725
110.152321	5.178628	51.185055
110.162025	9.832177	51.172844
109.397232	18.823324	50.717175
109.397232	18.823324	50.717175
111.700348	-4.928433	51.774364
111.918152	1.039746	51.861725
110.567886	6.937758	51.206074
110.567886	6.937758	51.206074
110.755280	8.353600	51.259052
111.693810	3.008038	51.691311
114.822464	-16.208620	53.088070
113.488487	-12.854452	52.422745
110.715851	12.155553	51.131706
110.614471	18.756920	51.071011
112.391533	-5.470460	51.879963
112.391533	-5.470460	51.879963
109.729263	20.546785	50.610260
112.659943	-4.157291	51.941818
109.581825	19.831577	50.503872
109.581825	19.831577	50.503872
111.068962	10.266802	51.142399
112.652100	-4.972274	51.850639
110.781448	15.302995	50.979942
114.695023	-14.402842	52.774971
112.285446	-3.602388	51.580448
112.718269	-5.434006	51.748661
112.099815	13.487164	51.430378
114.297081	-9.825538	52.438747
114.580711	-12.812001	52.504940
111.493706	8.679172	51.075691
111.237373	19.348242	50.941574
113.448776	-4.068062	51.953651
110.860985	20.473362	50.766808
112.178970	6.004763	51.368130
111.735542	12.809466	51.154610
112.019844	12.368143	51.203804
112.169205	6.729305	51.231426
112.529716	13.658401	51.377674
111.317406	19.732841	50.795242
112.000793	14.091987	51.105461
112.000793	14.091987	51.105461
110.888542	20.850698	50.538921
112.834892	10.138760	51.423145
111.191902	5.204333	50.661217
115.743080	-15.194871	52.725430
112.229111	15.679725	51.098606
112.229111	15.679725	51.098606
112.899300	9.480074	51.380352
112.421570	17.221577	51.155674
114.856285	-8.435728	52.260998
112.783394	6.194230	51.304905
112.889091	13.927590	51.331036
116.389084	-14.510810	52.918266
112.650177	11.844882	51.212944
113.039490	7.126390	51.382240
113.039490	7.126390	51.382240
112.691727	13.119218	51.188011
114.390160	-4.194006	51.942471
114.390160	-4.194006	51.942471
112.856720	16.909784	51.230202
114.496902	-1.067631	51.969028
111.820030	20.765749	50.739422
114.968689	-6.131531	52.135918
116.236130	-12.718384	52.664288
113.318840	8.133480	51.323318
113.966614	-7.217686	51.575890
113.830116	5.557355	51.498692
113.301239	11.396513	51.257908
115.660240	-8.896889	52.318287
113.144363	18.215055	51.176441
115.032471	-4.757143	51.987499
113.674416	10.817050	51.367138
116.862305	-13.672157	52.795902
112.416771	20.842989	50.770546
116.487198	-11.980910	52.609760
114.090515	14.743065	51.488197
113.124199	11.965326	51.032387
114.115143	6.016872	51.477901
112.805595	19.877262	50.886017
113.919258	13.065512	51.337982
114.635864	11.693156	51.633450
116.295128	-8.395152	52.367790
116.295128	-8.395152	52.367790
114.103981	15.633940	51.348091
114.587456	6.587120	51.564426
117.567009	-12.697698	52.893444
114.149292	9.586880	51.340145
113.983253	14.082459	51.265388
114.739456	1.302791	51.560749
117.787827	-13.375244	52.931053
114.673988	6.111359	51.506329
114.572182	5.433417	51.390076
114.572182	5.433417	51.390076
115.498688	6.242221	51.754902
114.790588	13.630680	51.335548
115.074982	0.103236	51.435699
114.917717	9.729327	51.355328
115.820328	7.868035	51.734921
114.869934	11.586582	51.295715
114.869934	11.586582	51.295715
116.212158	5.607965	51.867008
115.675774	8.801682	51.573898
114.893433	19.658676	51.213356
114.893433	19.658676	51.213356
115.931503	4.838875	51.675011
116.136292	6.947772	51.737278
118.977295	-12.752452	52.994778
116.280151	18.897120	51.780178
116.064697	6.200934	51.670086
114.597214	20.845926	50.935890
115.880806	9.581135	51.498901
116.833031	-1.682555	51.817703
115.366234	20.475513	51.166031
117.681946	7.773676	52.165859
118.896057	-10.633258	52.693985
116.403152	14.281708	51.555763
120.152107	-12.964606	53.211151
117.329338	2.968493	51.959282
116.484451	10.482003	51.581371
115.635025	18.865772	51.201805
115.635025	18.865772	51.201805
120.780663	-14.914806	53.476540
118.462578	-2.472472	52.447681
116.886459	8.455967	51.721176
117.145607	8.947592	51.835663
116.196823	15.931031	51.408043
117.114532	16.091669	51.752293
119.353027	-9.955406	52.707172
117.384285	5.355349	51.815002
116.439293	19.235184	51.363083
116.439293	19.235184	51.363083
118.498863	-0.329165	52.235882
116.973816	12.584152	51.557705
118.781799	-2.249509	52.342278
118.781799	-2.249509	52.342278
116.074028	20.836002	51.120403
120.094467	-9.182446	52.885899
118.253296	2.173504	51.981220
117.206772	21.622759	51.480633
118.681442	6.612852	52.084404
118.129425	13.495060	51.830471
119.827316	-1.210695	52.570572
119.238167	0.670768	52.297371
118.446198	9.663701	51.936287
117.467667	20.278425	51.500668
118.610733	11.865819	51.988754
118.850899	10.658587	52.035469
118.865044	12.286998	51.910755
119.000511	11.132349	51.919117
117.802635	20.945366	51.375984
120.624344	-1.696637	52.602158
119.469124	7.874066	52.042732
122.788017	-12.062568	53.453678
125.604561	-17.809843	54.638374
123.868896	-7.803187	53.818810
121.636086	-1.097938	52.804741
123.136749	-10.373965	53.436714
104.380211	6.503232	53.019905
142.910172	18.067558	86.582619
147.776459	18.764975	87.106918
148.188843	18.603020	86.828842
115.643654	3.648057	51.712845
114.603035	10.572743	51.503902
112.670708	19.818821	51.147842
155.706406	21.320719	87.518257
154.850937	20.528278	87.036903
109.581741	13.807652	51.186939
106.703957	16.619755	50.840126
104.709503	20.351196	54.784237
104.452545	5.355990	51.471069
72.912399	13.462933	87.193169
104.515129	4.781886	51.659500
104.515129	4.781886	51.659500
105.847038	-8.519625	52.373646
107.677803	0.782841	55.391548
63.777218	23.333082	85.972099
103.881226	4.776183	51.788448
149.048691	19.865374	87.282539
