1065.3533 415.3830
1065.3533 415.3830
1063.0652 279.8616
1066.0612 517.7865
1062.1376 273.4459
15.0217 482.7246
1062.3945 392.2175
1061.9640 382.1083
24.7400 256.8457
24.7400 256.8457
1059.3894 179.8561
29.8621 349.1986
31.8271 245.1354
33.2809 423.6050
33.4926 321.6950
33.4926 321.6950
33.7304 451.2340
34.0111 467.2140
34.9818 352.6096
35.5739 262.0439
36.2690 324.2910
37.8748 443.2729
37.8748 443.2729
1059.6809 189.6058
37.3788 401.7111
38.1036 479.8609
37.9081 467.4309
37.9081 467.4309
38.2670 459.4222
38.2670 459.4222
38.1960 337.9455
38.1960 337.9455
38.2079 354.4371
38.2079 354.4371
38.4816 500.8134
38.4084 451.7319
38.8091 373.1350
38.8455 475.1587
39.3052 384.0504
39.3052 384.0504
39.5437 415.2568
41.6426 379.4443
39.5776 409.9974
39.5776 409.9974
39.7530 429.8531
39.7530 429.8531
40.6970 321.7032
40.7908 463.3649
40.8551 334.3228
41.3983 388.0885
41.0900 471.2218
41.0900 471.2218
40.3709 493.0016
41.2642 483.4482
41.2642 483.4482
42.5792 451.5741
43.4492 459.2551
45.3313 446.3800
43.5500 433.5865
43.5438 442.3623
43.5438 442.3623
43.7642 425.3895
43.7642 425.3895
43.7280 467.2577
44.2355 430.9800
44.0820 491.0864
44.0820 491.0864
49.9514 495.0910
50.0331 531.0027
50.4256 520.3174
53.9227 510.5875
54.4828 502.9562
55.5071 522.2267
1062.3984 464.2319
1060.5836 285.1932
1060.5836 285.1932
62.9241 468.5115
63.8746 440.9467
64.0482 520.2956
64.0482 520.2956
67.4007 470.5811
65.5429 443.6768
67.2250 438.0224
70.2455 430.5821
1062.1343 421.4329
73.5866 417.1163
73.7552 481.4894
80.3935 220.9639
77.8804 467.8993
81.0935 497.0142
1062.8291 511.8788
84.3224 502.3257
84.3224 502.3257
86.2034 496.1973
87.0256 415.8539
89.0836 492.8926
92.4993 445.4054
93.2117 508.3330
1062.3984 464.2319
94.1948 485.2921
94.1733 499.3378
96.1512 503.7147
99.5520 229.8264
98.0295 500.0728
99.1476 416.6152
99.3668 443.0832
99.1125 496.3156
99.1125 496.3156
100.6255 505.8202
100.6255 505.8202
103.3881 411.8289
103.3881 411.8289
108.3162 438.9822
108.8856 428.3854
109.7007 230.9715
109.9512 436.6248
1059.1207 275.5448
1060.6685 365.8970
110.0121 513.4971
110.0121 513.4971
110.4477 413.9041
112.7176 227.7386
111.1517 447.1841
112.3091 419.9621
112.3091 419.9621
111.2925 503.5384
153.0170 93.1166
153.0170 93.1166
114.3107 439.6639
115.9705 479.3164
116.1299 502.1001
1060.6544 416.5047
118.5242 500.8745
118.7237 327.9858
118.7237 327.9858
118.7237 327.9858
119.1371 436.8219
120.3032 292.7248
120.3032 292.7248
120.1954 494.9580
122.5616 404.1542
122.3164 408.8216
122.5062 433.1819
123.3978 420.9953
125.5741 397.8969
124.6576 332.6540
124.1325 493.5153
125.7726 369.7115
125.5632 278.7881
126.4441 438.0974
125.7652 496.4242
127.1331 299.9890
163.8797 328.0815
126.8213 491.1200
129.6777 418.5968
130.4854 407.8805
131.2195 365.7076
1057.1632 281.5960
132.1136 364.4818
168.6084 370.4148
134.8380 285.7404
134.8380 285.7404
134.8380 285.7404
136.4230 358.2435
139.3557 297.0472
209.0846 293.6546
139.9908 370.7132
140.0300 506.8592
140.5223 290.7702
142.8969 361.8964
142.8969 361.8964
142.8969 361.8964
142.8919 293.1134
1058.0035 377.4095
143.6531 349.1300
143.6531 349.1300
1057.9844 391.5348
146.0364 272.4188
148.4187 468.5163
148.5783 380.8461
149.6791 435.3222
115.4410 331.9662
153.9285 356.2957
154.0931 466.6123
154.8466 366.8769
155.3802 284.7521
155.3802 284.7521
156.1087 295.2198
156.1087 295.2198
155.9883 421.1102
157.4937 480.4779
157.7954 459.0599
160.3826 408.9902
159.6898 471.9928
159.6898 471.9928
159.6898 471.9928
160.7007 332.1530
160.9089 448.4239
161.1881 291.5645
160.8510 438.0133
161.4126 368.8790
162.0782 463.6785
163.0681 430.0113
163.0681 430.0113
1056.3458 369.6438
163.8797 328.0815
168.1135 237.7834
164.3217 276.8308
164.3217 276.8308
164.3217 276.8308
1055.0918 360.0294
166.5461 397.6329
166.9955 365.0493
166.9955 365.0493
166.5506 482.7292
167.1495 249.2265
167.6528 296.3588
167.5432 491.6843
168.3686 349.3246
168.1285 472.6223
168.9074 429.9908
169.3838 445.8210
171.7321 487.9511
172.6691 404.5690
172.4346 474.4718
173.9560 272.0499
172.6691 404.5690
174.2643 473.8899
175.1401 284.9460
175.8241 365.7064
139.9908 370.7132
175.4316 489.4146
175.9829 430.0569
176.3433 411.1449
178.1706 346.6857
178.1706 346.6857
178.2411 441.9746
177.4918 447.7967
178.9733 490.5300
179.3371 474.3620
179.4766 466.3995
179.4766 466.3995
1056.9725 454.8844
181.9705 433.2838
184.2615 298.3857
184.1359 409.8384
183.8929 504.5148
185.0723 350.8630
184.8456 280.3894
185.3243 363.8707
185.3243 363.8707
185.6902 274.1782
187.9461 507.8148
189.5352 269.5495
190.0006 278.5876
189.7662 474.3568
190.4750 493.7542
190.7862 423.3092
192.5723 520.5964
193.5454 469.2006
194.3261 474.2313
194.3815 337.6604
194.3815 337.6604
195.4680 332.2565
195.4680 332.2565
197.2039 355.4067
195.6592 415.5297
196.2347 343.2214
198.3234 299.0270
197.8963 327.6483
199.0686 489.7040
200.9741 338.1626
201.0116 460.3623
203.7726 284.2826
203.9098 417.4537
204.4398 284.4031
204.4398 284.4031
204.4398 284.4031
204.4398 284.4031
204.7907 459.6949
205.5881 463.2164
205.8379 486.2216
1055.2653 385.2286
206.6088 451.5435
207.9473 334.6877
207.7978 476.4742
208.1117 364.2457
208.4453 297.7502
208.6845 340.2950
209.0846 293.6546
209.5202 431.1391
209.5202 431.1391
210.3040 289.3192
210.3040 289.3192
210.9842 464.2205
212.0554 291.8068
212.0554 291.8068
212.4082 345.2082
212.4082 345.2082
212.7172 363.6545
213.1296 451.0163
212.8140 336.9788
212.8140 336.9788
213.7745 341.0545
213.7745 341.0545
214.6230 433.3070
214.3397 415.0776
214.3397 415.0776
214.7597 509.0153
217.2854 499.5717
217.8525 437.0225
217.6013 455.9782
256.2752 50.4615
1055.2653 385.2286
218.6444 480.2317
218.9095 475.2263
220.2412 520.0707
220.2412 520.0707
221.6061 470.6142
223.0702 415.7381
223.0083 421.6732
223.9258 492.4069
225.0340 462.7867
228.0713 485.8041
228.6936 453.9789
230.1231 480.6756
232.8372 502.1558
234.5905 478.2869
235.2694 433.6536
235.5430 473.1731
236.6875 519.7122
237.9689 498.0547
238.5488 423.2542
238.5488 423.2542
239.5195 460.8201
242.2719 391.7449
242.2719 391.7449
240.3848 437.8873
241.2533 478.5630
242.6207 519.3822
242.3751 485.9159
243.7692 495.3486
247.9809 479.3871
247.9672 436.3803
249.0823 465.4529
251.0394 519.3990
251.8627 443.2085
252.2974 503.2848
253.1678 459.2482
259.2570 518.8879
1051.2596 185.3725
1051.2596 185.3725
1055.1787 461.7656
278.8329 423.3636
1054.5463 519.2027
317.6291 147.5944
1052.7603 399.3148
1050.9152 290.5171
285.8890 530.1741
285.8890 530.1741
1053.0665 507.1117
287.0105 507.0736
1053.0665 507.1117
291.3591 430.4671
291.8150 502.4726
1051.9984 426.7686
1051.9984 426.7686
1053.1068 512.6902
294.6553 449.0313
1049.9070 314.6574
297.2932 529.1341
300.7871 389.0726
299.5979 242.9098
1051.6665 453.9858
302.5361 523.3401
303.5262 372.8618
1049.0582 282.6670
308.0717 487.5053
1049.0624 360.2827
309.0700 500.9596
310.6632 507.6727
308.4603 434.4647
312.7686 494.4020
314.0514 508.9625
316.5244 252.8996
319.1862 414.2917
322.8056 294.6433
324.3025 354.4424
324.5542 489.8958
1049.2905 391.8006
1048.6028 308.7141
326.2742 430.6187
325.8653 476.7848
328.7655 482.0739
329.3955 487.8256
329.3955 487.8256
330.8565 317.0731
333.8132 433.3798
335.4606 471.7309
339.4303 436.6053
339.3604 445.0861
339.9210 467.7139
1051.2622 523.5058
343.2381 375.6359
347.1348 500.0412
1048.9265 435.0154
1048.1090 386.7300
1048.8577 437.2064
1048.6025 422.1603
1045.8328 271.3147
1046.6169 327.3842
1048.3674 444.9935
1047.7067 409.6191
1047.7067 409.6191
1046.4851 381.0059
1047.1534 396.6406
1047.5447 429.7325
1047.5447 429.7325
1046.9453 420.4164
1046.9453 420.4164
1047.3718 462.9795
1047.3890 470.5563
1046.1622 415.4604
1042.5493 186.4453
1046.1444 458.2128
1047.1483 508.0255
1044.1466 389.6729
1045.1539 480.6902
1042.0813 294.9803
1042.1119 286.3917
1043.4330 377.3435
1043.0144 353.2589
1042.7295 348.6870
1043.9424 453.0619
1042.6484 396.6926
410.7318 462.3821
1043.1356 410.9030
1040.7578 278.2190
1042.6559 428.2766
1043.8303 513.7019
1042.4806 463.6227
1041.8914 444.6457
1042.0485 468.7568
1042.0485 468.7568
1038.5287 267.4359
1037.1731 188.5685
1037.0649 198.9867
1037.0649 198.9867
1040.2368 419.9806
1040.9606 474.7844
1040.0143 455.2388
1039.5179 433.6119
1039.6682 460.0206
1039.6682 460.0206
1039.6682 460.0206
1038.6315 404.6310
1035.1694 213.4502
1037.5935 389.7206
1037.9476 426.0477
1039.1680 503.8401
1038.4136 366.1823
1038.6134 517.0229
1035.5901 301.6090
1035.2783 282.2669
1035.2783 282.2669
443.5982 145.9397
1035.1425 314.4699
1036.5502 523.3381
1036.5502 523.3381
1034.9412 326.1096
1034.9412 326.1096
448.1253 244.7435
1035.4614 398.5439
1036.4950 475.0786
1031.9149 207.7894
1031.9149 207.7894
1034.4895 422.8525
1034.5972 460.3764
450.4347 230.6385
450.4347 230.6385
451.5075 244.0807
1033.3276 432.3473
1032.7128 465.4088
1032.6246 453.4099
1031.0516 405.3368
1030.4102 438.9267
454.7967 273.1717
1030.4150 432.2374
1030.4354 475.4852
456.8350 287.0526
1028.8262 443.8486
1026.9568 313.8977
1028.9249 457.0929
1028.9249 457.0929
1028.1281 463.7552
1029.1294 505.8997
1028.8868 523.8139
1027.8990 469.1924
1025.7668 307.1584
1026.2179 398.6021
1024.0042 265.5149
1024.0042 265.5149
1024.8497 320.5136
1024.4597 466.6267
1024.6422 518.6235
1022.5485 367.4529
1023.8284 454.8133
1023.3951 512.1591
1023.2880 523.4136
1022.2817 445.1640
1021.9496 375.7840
1020.5760 349.0637
1021.5871 471.7912
473.0075 460.8712
1017.6766 182.5385
1020.4849 437.1073
1020.2689 452.9612
1018.4497 364.4586
1018.1478 393.2155
1017.6448 443.9898
1015.8752 400.3785
1016.8118 523.5176
1014.3016 348.1499
1013.5330 223.3825
1014.7021 448.4842
1015.8868 500.6523
1013.0518 386.0820
1014.4907 514.5060
1014.4907 514.5060
1014.0285 462.1058
1013.8646 506.5721
1010.0114 436.9772
1009.7737 455.1011
1008.6911 399.6242
1008.5762 465.3130
1006.7120 252.3615
1004.8483 238.0870
1005.8567 524.5623
1004.9285 449.4563
1004.9258 441.3669
1004.7972 326.2030
1004.4243 243.9229
1003.6947 463.3328
1004.3549 425.6177
1003.7197 519.4149
1004.0458 362.6711
1002.7618 453.9719
1001.6416 446.2704
493.0506 98.5414
1000.7354 467.5918
495.1945 387.3806
1000.9009 365.3288
1000.2191 422.9312
1001.5993 347.9950
1000.2075 461.9362
1000.3337 359.2809
998.7212 520.2059
999.7665 264.5304
1000.1147 275.5958
998.6208 290.3577
997.0906 262.8275
503.0057 266.1247
998.3125 296.5211
995.0748 457.3791
995.9573 470.6822
995.9573 470.6822
995.2617 422.8188
996.7748 361.9875
996.1646 271.8990
993.8230 453.9945
995.6616 277.0460
994.5902 358.3559
994.5402 340.7812
994.5511 327.8838
991.5012 516.5373
991.9016 425.5617
991.9544 333.0858
991.3430 337.9324
988.6038 448.1874
519.0751 390.1802
987.8059 451.7241
988.4783 511.5445
990.0579 267.6777
990.0579 267.6777
988.5356 294.4261
987.5774 284.3951
986.8312 437.3739
987.0198 444.3225
987.0198 444.3225
986.8497 235.0201
986.7173 245.6305
987.0949 256.3107
985.8420 466.0757
987.2134 275.6137
986.0633 195.6684
985.0984 361.5371
985.2929 264.6249
985.1313 271.4367
544.6609 309.9494
983.6469 511.3828
984.1028 278.8282
982.7900 446.3123
554.6272 337.2971
983.7087 330.0615
553.6256 63.6173
982.9197 287.7044
982.1341 390.3778
982.0861 250.6975
983.7206 363.7534
977.9307 366.1630
563.2758 477.7426
978.6315 356.3182
977.5182 433.4379
573.6291 458.4164
976.9923 325.6855
577.1971 370.3367
579.5806 372.1066
975.0677 383.9286
583.1613 452.1971
584.7418 375.8994
585.4926 463.7869
586.1017 471.3021
585.8758 454.7541
974.3364 439.9716
589.9300 404.7529
589.4661 322.2518
589.4661 322.2518
590.3998 372.8410
973.3348 502.3975
590.3998 372.8410
972.3480 450.4457
592.7761 433.8174
592.7761 433.8174
592.9553 458.1490
971.1071 499.0461
597.4257 377.8529
598.1935 395.5709
959.7125 472.4574
606.8652 427.4221
606.8652 427.4221
608.7441 467.4166
611.2250 331.9984
611.7911 443.4518
611.7911 443.4518
618.1834 321.9709
618.1834 321.9709
619.5932 376.8602
620.9175 327.0809
622.0464 320.3434
623.2456 475.7696
623.2456 475.7696
623.2456 475.7696
965.6465 116.5642
965.6465 116.5642
962.3860 123.5760
626.2336 320.5356
626.2336 320.5356
626.8636 328.0990
626.8636 328.0990
627.5816 324.1759
631.6401 373.9988
631.9798 421.7264
632.1113 415.6747
632.1113 415.6747
632.1806 447.7985
922.5328 501.6475
632.3792 432.0220
633.3419 474.8852
632.5751 318.9744
634.5761 386.6424
634.8615 418.5920
635.1306 372.6046
635.0056 434.9428
635.0268 451.0703
635.7653 327.8287
637.3849 369.7411
637.3849 369.7411
643.7545 320.6205
915.0529 408.6224
644.1675 327.6230
645.9542 395.6685
645.6406 317.1173
648.3878 453.3358
648.5322 360.5479
663.6739 327.7061
653.0503 478.1545
654.1253 469.2069
653.9172 473.8006
653.9172 473.8006
653.3284 327.7554
653.2562 320.1217
655.0087 367.0531
654.6641 361.3152
656.0448 447.5769
656.2012 326.8747
656.1422 321.4182
649.6730 463.3788
658.3948 324.1725
888.8715 272.4019
658.9248 320.0020
662.9753 463.0389
663.6685 441.9204
663.6739 327.7061
663.6749 320.0466
666.9609 321.2841
671.1765 325.0367
672.3736 327.2991
672.5570 319.9132
672.5570 319.9132
867.4042 453.4676
675.1043 367.5820
675.1043 367.5820
691.5156 432.0937
691.5156 432.0937
695.1830 366.3530
696.0731 321.0487
696.0731 321.0487
697.4744 410.2950
699.6104 364.5018
702.4822 474.3170
702.5757 416.0841
703.1123 458.8166
788.1218 452.9607
784.8845 350.1735
703.4056 366.1222
780.2623 458.8426
704.5095 444.0099
710.1949 448.9413
709.8246 431.4609
712.9531 392.0944
710.8474 378.3590
1065.5696 365.9228
1065.9286 379.9516
1068.1101 439.8860
1067.7705 394.9418
1068.5288 385.4512
1068.7146 409.6670
1068.7146 409.6670
1068.5918 390.0432
1068.5918 390.0432
1067.0621 305.5991
1070.6119 453.6655
1072.4264 512.7105
1072.2959 498.7635
1070.9056 374.6290
1073.0042 519.1667
1072.2776 421.5740
1073.7753 464.5396
1072.8909 436.9806
1073.2649 397.3548
1074.0973 404.3400
1074.1007 381.5070
1073.9875 368.5890
1073.9875 368.5890
1073.9875 368.5890
1076.7704 432.6287
1078.5610 483.1149
1078.0157 416.8872
1076.6045 331.3752
1078.1550 412.4424
1078.4559 367.0272
1081.2118 514.1826
1081.2118 514.1826
1080.2567 379.1063
1083.6987 507.1953
1081.9668 390.3947
1081.9668 390.3947
1082.4584 412.1975
1084.3379 520.2773
1081.6978 363.7903
1080.1670 210.3438
1081.5754 288.5617
1084.7026 407.5289
1085.0183 376.1951
1086.4148 418.7664
1082.9236 193.5512
1089.6790 502.8099
1089.6790 502.8099
1086.2723 284.1930
1088.0913 338.3193
1088.8328 392.2580
1088.8328 392.2580
1089.9248 404.9728
1089.5149 355.8219
1088.6389 186.4223
1088.3868 204.7731
1089.0973 214.2986
1092.7334 440.2297
1094.4591 500.7768
1090.4873 279.4559
1090.4873 279.4559
1095.0763 519.3191
1092.1180 291.6817
1095.4745 513.1349
1095.4745 513.1349
1095.3071 422.8441
1093.4541 284.2159
1096.8014 469.6928
1093.2992 201.6653
1095.2400 296.1128
1095.7258 279.7306
1100.2721 451.6400
1096.6626 241.2839
1097.3188 214.7690
1097.0852 195.2565
1099.9906 408.3275
1102.6310 507.0750
1098.9684 292.2857
1102.6279 518.2564
1100.3267 383.4902
1101.7578 446.1396
1102.8612 390.1512
1103.3521 442.0409
1102.8612 390.1512
1105.1542 453.4391
1106.1210 511.2465
1105.3669 457.9551
1105.3669 457.9551
1101.8265 187.0034
1104.2557 345.7811
1107.1420 522.7066
1106.2521 420.7491
1103.9033 377.0090
1103.1570 194.2311
1107.9572 472.8951
1107.9572 472.8951
1107.4552 415.2431
1109.0388 486.3583
1105.0474 253.3945
1106.9802 385.3034
1109.3177 455.9235
1105.6262 200.9233
1108.7919 437.3487
1108.1265 393.7145
1108.1265 393.7145
1109.9252 448.8456
1107.5376 291.0247
1107.5376 291.0247
1111.5720 483.6150
1108.7544 319.0296
1112.0110 521.0591
1108.7944 273.6779
1109.1296 215.8698
1111.9640 403.0573
1109.5667 263.0743
1112.7906 379.2427
1113.7764 432.8728
1111.0476 249.2664
1115.4867 495.8454
1112.3287 285.8220
1115.0337 427.4444
1112.0985 207.8895
1116.9380 521.6305
1112.4698 222.2952
1117.5428 463.1304
1116.4303 438.9468
1115.8511 383.4936
1118.1331 511.9315
1118.3248 447.9125
1115.1003 196.6974
1119.0818 434.4798
1115.9009 253.5923
1115.9009 253.5923
1116.1886 190.1542
1120.4385 471.5259
1118.6777 388.5931
1116.7789 216.5157
1119.5328 416.3831
1120.4803 457.3167
1118.8419 340.5902
1117.8904 210.6663
1122.3771 509.3753
1122.3771 509.3753
1120.4025 384.4102
1121.4324 377.8511
1121.4324 377.8511
1123.3274 385.1464
1126.4084 453.1343
1123.8499 329.4305
1126.2509 417.7522
1126.9756 400.0061
1127.3687 434.8168
1127.3687 434.8168
1127.5304 379.1936
1128.8518 408.6961
1131.0808 508.8665
1131.0808 508.8665
1128.3365 372.5270
1129.5471 391.5550
1127.3027 216.1952
1132.9558 500.1168
1129.9552 384.8881
1133.8516 520.8170
1132.2769 416.1114
1132.2198 313.0325
1136.4713 516.5938
1135.7227 397.9825
1132.4703 234.2466
1137.0870 458.5618
1133.6431 214.7924
1135.2009 355.2552
1136.4165 423.9929
1137.8527 501.7520
1137.8527 501.7520
1133.9243 198.5457
1135.0582 306.6649
1136.9525 405.2385
1137.2875 409.6124
1138.3781 474.3434
1140.2986 474.8190
1136.4088 240.1976
1138.9319 377.0332
1142.2295 504.4209
1142.2295 504.4209
1139.7561 325.6591
1141.7866 443.0982
1139.8562 308.5420
1139.8562 308.5420
1143.8711 520.0446
1139.8795 247.5740
1142.8568 347.9291
1147.5709 525.8901
1142.8275 195.4101
1145.8625 388.1558
1147.3300 450.9245
1145.1814 317.9068
1145.4319 334.4462
1147.2539 415.7591
1149.2229 513.5681
1148.2941 435.7607
1145.5452 189.1487
1149.2711 424.3915
1148.6892 228.1551
1152.1299 439.5718
1152.9016 429.0482
1154.7853 520.2081
1151.5168 313.5927
1153.9797 399.5220
1152.5948 299.6226
1152.3842 223.1459
1153.9368 176.4895
1156.1534 261.2641
1156.8296 318.5718
1156.1117 237.5896
991.7399 325.3972
1038.9678 119.1497
1003.4094 386.4288
892.3083 426.7719
914.1688 429.9296
918.7275 429.2016
1124.7653 361.4535
1120.8832 425.0576
1112.0797 510.4433
953.3192 442.9549
952.9222 438.8601
723.3701 165.3740
1081.8221 455.1819
1062.2706 481.9360
557.4123 59.1670
982.4227 503.1129
389.5864 65.5304
553.7078 456.3284
541.0118 351.0733
447.4330 232.7932
1028.5667 377.3398
511.9302 402.1263
1025.9196 372.3855
1025.9196 372.3855
1023.3364 252.8268
994.7164 335.6170
467.6194 457.2693
1018.1132 371.5792
1018.9874 207.9498
394.1452 79.6489
612.4048 59.5186
919.6207 435.7594
777.9883 179.1318
