1163.0968 412.5670
1163.0968 412.5670
1162.6848 276.2940
1162.3600 514.5754
1162.1018 269.6576
107.0886 475.9944
1160.6177 388.0888
1160.6019 378.9768
116.8481 249.4717
116.8481 249.4717
1160.3662 175.7631
122.8760 342.7677
124.5299 238.1132
125.6555 417.8048
125.9600 315.0728
125.9600 315.0728
126.2343 445.1989
126.4067 461.6214
127.1139 346.5432
127.8495 255.3226
129.0110 317.4990
129.9403 437.2716
129.9403 437.2716
1160.3647 185.7240
130.2004 395.5805
130.3169 473.8346
130.3573 461.4688
130.3573 461.4688
130.5485 453.4411
130.5485 453.4411
130.5600 331.4569
130.5600 331.4569
130.6301 348.0107
130.6301 348.0107
131.0242 494.9977
131.1063 445.7862
131.1236 366.6409
131.1397 469.2546
131.7161 377.8728
131.7161 377.8728
131.9050 409.2357
132.0018 372.0676
132.1003 403.8928
132.1003 403.8928
132.1637 423.7354
132.1637 423.7354
133.0588 314.7735
133.2005 457.3815
133.2593 327.7994
133.5320 382.0114
133.6668 465.4183
133.6668 465.4183
133.6929 487.3644
133.7087 477.6351
133.7087 477.6351
135.5307 445.6658
135.8684 453.3285
135.9804 438.9522
136.0008 427.5613
136.2727 436.0470
136.2727 436.0470
136.2833 419.1432
136.2833 419.1432
136.2846 461.2793
136.6729 425.0195
136.7908 485.3814
136.7908 485.3814
142.6651 489.6326
142.8145 525.2363
143.3187 514.8911
146.7943 504.7579
147.3735 497.2625
148.6351 516.5221
1160.1825 461.5519
1159.9037 281.8440
1159.9037 281.8440
155.8077 462.5801
156.4070 434.7917
157.3306 514.5376
157.3306 514.5376
158.1643 465.4785
158.1685 438.1268
159.9885 432.1593
160.5421 424.8940
1159.7219 418.3532
166.2265 410.9469
166.7748 475.9527
169.0011 214.0387
171.1625 461.8681
173.3480 489.5978
1159.5452 508.7845
177.1037 497.2682
177.5818 496.8088
179.5558 490.7559
180.2977 409.4778
182.1680 487.5285
185.1708 439.3155
186.5348 502.4037
1159.2064 461.0760
187.3926 480.0552
187.4595 493.6942
189.5255 497.8149
191.7744 223.3318
191.7955 494.3676
191.8584 410.3554
192.5326 437.1731
192.5791 490.5006
192.5791 490.5006
193.5031 500.2031
193.5031 500.2031
196.3636 405.9524
196.3636 405.9524
201.1717 433.0475
201.5897 422.7081
201.6897 224.3568
202.6261 431.0254
1159.0538 271.4721
1158.9563 362.5962
203.2691 507.8410
203.2691 507.8410
203.3998 408.1390
203.9363 221.2347
204.3112 441.4377
205.2202 413.7582
205.2202 413.7582
205.2321 497.4757
206.2769 85.9053
206.2769 85.9053
207.4004 433.7990
209.2900 473.4791
209.5813 496.5876
1158.0939 413.3439
211.1397 495.6684
211.2871 321.5246
211.2871 321.5246
211.2871 321.5246
212.1258 430.7340
213.0151 286.1315
213.0151 286.1315
213.5372 489.5807
213.9977 398.4569
215.2198 402.6880
215.7317 427.6287
216.3155 415.0806
216.8577 392.9457
217.2457 326.3201
217.4174 488.1097
218.3833 363.5849
218.6168 271.9898
219.0799 432.2774
219.3111 490.3987
219.9103 293.4074
220.4024 322.2383
220.4734 485.6105
222.5139 412.8158
223.3480 401.8120
223.9182 359.7626
1156.4673 278.0173
224.8988 358.4394
225.9029 365.0995
227.6805 279.1650
227.6805 279.1650
227.6805 279.1650
229.1040 352.0732
231.9201 290.4463
232.3852 288.5430
232.6353 364.8474
233.1808 501.1613
233.2577 284.3570
235.3985 355.8466
235.3985 355.8466
235.3985 355.8466
235.5694 286.7012
1156.2349 374.4545
236.1904 343.1779
236.1904 343.1779
1155.8512 388.3246
239.0993 265.8427
241.6850 462.8781
241.9639 374.9626
244.0153 429.7285
244.3265 325.4654
246.7445 349.8836
247.3305 461.1524
247.5864 360.8220
248.2211 278.1793
248.2211 278.1793
248.8890 288.6572
248.8890 288.6572
249.5463 415.5550
250.9393 474.8105
251.4044 453.1869
252.3665 403.9905
252.9630 466.3801
252.9630 466.3801
252.9630 466.3801
253.3943 325.8718
253.4129 442.9672
253.9783 285.1991
254.1034 432.2816
254.2578 363.0167
254.6966 458.4845
256.3530 424.3622
256.3530 424.3622
1154.6660 366.3641
256.8222 322.0282
257.1165 230.9770
257.4066 270.3412
257.4066 270.3412
257.4066 270.3412
1153.9658 356.5594
259.6592 391.7467
259.8160 358.8895
259.8160 358.8895
259.9556 477.1715
260.1663 242.4163
260.3665 289.9588
260.9822 486.1939
261.1289 343.3641
261.5526 467.0645
262.0738 424.4801
262.4131 440.4409
265.3560 482.0991
265.4564 398.7931
266.4489 468.6944
266.9642 265.5194
267.1459 398.9350
267.7987 468.5026
268.1034 278.5423
268.1819 359.6039
268.3385 364.1220
268.8273 483.8456
269.0055 424.7272
269.8209 405.9865
270.9828 340.6573
270.9828 340.6573
271.4718 436.2490
271.5980 442.4254
272.2146 485.0696
272.7391 468.8542
273.4324 460.6003
273.4324 460.6003
1153.7749 450.5954
275.3541 427.5918
277.3733 292.0532
277.4544 404.2003
277.5063 499.4525
278.1631 344.6741
278.2769 274.2413
278.5117 357.8710
278.5117 357.8710
278.8112 267.6351
281.0720 502.3949
282.7568 263.0866
283.0921 272.2127
283.3656 468.7144
283.8639 488.4663
284.3076 417.6654
286.0501 515.5007
286.7246 463.8649
287.7816 468.7333
288.1233 331.6663
288.1233 331.6663
288.6158 326.2631
288.6158 326.2631
289.1243 349.6143
289.4510 410.0748
289.4624 337.2571
290.9523 292.6426
292.2954 322.5764
292.7901 484.1578
294.3893 332.1961
294.5151 455.0911
297.5583 278.0166
297.6689 412.1307
297.7861 278.0990
297.7861 278.0990
297.7861 278.0990
297.7861 278.0990
298.5890 454.2711
299.4466 457.4324
299.5386 480.9550
1153.3579 381.7714
301.3005 445.5845
301.3538 328.9537
301.4510 470.9747
301.7200 358.4841
301.9240 291.3737
302.0545 333.9846
302.3713 287.3214
303.2300 425.6912
303.6845 425.0981
303.8575 282.8449
303.8575 282.8449
304.9874 458.6162
305.5226 285.3800
305.5226 285.3800
306.0457 339.1157
306.0457 339.1157
306.1168 357.3100
306.1663 445.9319
306.2877 330.9694
306.2877 330.9694
307.5486 335.0273
307.5486 335.0273
308.0466 427.9153
308.2552 409.4424
308.2552 409.4424
308.9460 503.5252
311.0324 493.9289
311.3106 431.5943
311.3879 450.4189
311.3973 44.5168
1153.3579 381.7714
312.4324 474.8369
312.7870 469.7625
313.7094 514.3652
313.7094 514.3652
315.4562 465.1657
316.4046 410.2154
316.9823 416.1640
317.5377 486.9112
319.0296 457.2096
321.9496 480.3137
323.5594 448.7117
324.0252 475.0931
326.6371 496.6890
328.5114 472.9266
329.1340 428.1931
329.5475 467.7510
331.1415 514.4552
331.9072 492.5690
332.8704 417.4503
332.8704 417.4503
333.8336 455.3939
334.7672 385.4855
334.7672 385.4855
334.9270 432.0369
335.4657 472.9744
336.2715 513.8206
336.5539 480.5828
337.7289 490.1279
342.0889 473.9313
342.1115 430.8412
343.6214 459.7351
344.8061 514.1301
345.7012 438.0401
346.4090 497.8523
347.8692 453.8251
353.1507 513.4855
1151.8522 181.4422
1151.8522 181.4422
1151.8207 459.0512
371.0732 416.8488
1150.5659 515.8021
372.0132 141.5406
1150.4690 396.0435
1150.3553 286.9294
378.6981 524.6035
378.6981 524.6035
1149.5815 503.5789
380.3647 501.9275
1149.5815 503.5789
384.9110 424.9940
385.4433 497.2355
1149.3407 423.5341
1149.3407 423.5341
1149.1049 509.5782
388.2997 442.5456
1148.7871 311.0956
391.1805 522.8046
393.1575 383.3612
393.5764 238.6005
1148.4879 450.8674
394.4279 517.8256
395.1097 368.9952
1148.4779 278.8133
398.7216 482.6800
1147.9940 356.8481
400.1187 495.3281
400.9312 502.3423
402.4301 428.2352
402.8524 488.9447
403.6397 503.3506
403.7633 246.6310
407.3711 408.9740
410.1734 290.4288
410.7534 349.3789
411.4770 484.5936
1147.4325 388.8297
1147.4213 304.8098
412.2275 425.4615
412.4384 470.9944
413.7239 476.8319
414.3998 482.3265
414.3998 482.3265
416.5567 312.0706
416.7469 428.3130
418.8416 466.7084
421.4690 432.1059
421.4942 439.9505
421.9344 462.4559
1147.0388 520.3448
422.4177 371.9326
424.6881 495.8792
1146.1917 431.9476
1145.9324 383.3934
1145.8560 433.7343
1145.4524 419.8762
1145.3483 267.3860
1145.2360 324.1248
1145.2183 442.1913
1145.1377 406.3655
1145.1377 406.3655
1144.7130 377.7670
1144.6188 393.4459
1144.5139 425.8519
1144.5139 425.8519
1144.2202 417.3432
1144.2202 417.3432
1144.1207 459.8209
1144.0652 467.2398
1143.3668 412.4505
1143.1854 182.2778
1142.6661 454.9857
1142.4930 504.9126
1141.8608 386.4271
1141.6407 477.3383
1141.3995 291.5409
1141.2611 282.7064
1141.2562 373.6191
1141.2167 349.3556
1140.8164 345.4573
1140.6278 449.8786
1140.5151 393.6523
465.0624 457.7295
1140.2977 407.5189
1140.1898 274.9286
1139.7125 425.1519
1139.6302 510.3417
1139.1652 460.1461
1138.8367 442.0807
1138.4279 465.5199
1138.4279 465.5199
1138.3274 263.9489
1137.6361 184.2390
1137.0902 194.4093
1137.0902 194.4093
1137.0876 416.8635
1137.0767 471.8057
1136.5823 451.9637
1136.5251 430.2041
1136.2288 456.8838
1136.2288 456.8838
1136.2288 456.8838
1135.8771 401.6291
1135.2007 209.5554
1135.1927 386.3492
1135.1366 422.3566
1135.0773 501.1227
1134.9603 362.5310
1134.4573 514.1404
1134.4247 298.1503
1134.2335 278.4499
1134.2335 278.4499
498.6849 141.1007
1133.5247 311.0443
1132.9583 520.0608
1132.9583 520.0608
1132.9032 322.6710
1132.9032 322.6710
502.9489 239.3457
1132.8347 395.3047
1132.8295 471.8796
1131.7072 203.8204
1131.7072 203.8204
1131.3585 420.1070
1131.0510 457.0950
505.4141 225.5161
505.4141 225.5161
505.9815 238.6217
1130.2903 428.9613
1128.9792 462.2783
1128.6903 449.7813
1128.2286 402.1060
1127.2305 435.7140
510.1700 268.3887
1127.0099 428.8702
1126.4109 472.7257
512.1148 282.4785
1125.2290 440.8362
1125.0297 310.5336
1124.9869 453.7833
1124.9869 453.7833
1124.5615 460.0757
1124.4121 502.8130
1124.3105 520.5203
1124.1823 465.8917
1123.8145 303.6145
1123.4722 395.4459
1122.9178 262.1988
1122.9178 262.1988
1122.8048 317.2834
1120.3053 463.3390
1120.0879 515.2306
1120.0367 364.0511
1119.8657 451.7975
1118.9705 508.8863
1118.8757 520.1293
1118.8412 441.9161
1118.3033 373.2335
1117.9128 346.0196
1116.8279 469.5799
526.8032 456.7997
1116.7969 177.6113
1116.7311 434.4736
1116.4612 450.1638
1115.7559 360.6683
1115.1729 390.1007
1113.6941 440.3773
1112.6187 397.1131
1111.6914 519.7968
1111.6625 344.8934
1110.9724 219.6249
1110.6727 445.1382
1110.0500 496.8902
1109.9438 382.8419
1109.9249 511.2877
1109.9249 511.2877
1109.8328 458.9664
1109.3943 503.4615
1106.0348 433.6794
1105.2495 452.3031
1105.0597 396.4349
1103.8762 462.1289
1102.0303 248.8410
1101.2577 233.1180
1100.1907 520.9246
1100.1724 446.1371
1100.0822 438.2453
1099.6318 322.7365
1099.5413 239.7532
1099.0851 459.9960
1098.8436 422.5891
1098.7295 514.8527
1098.4998 359.3336
1096.5392 449.9162
1096.0775 443.1758
548.6077 93.3320
1095.2634 464.6248
549.3112 383.2578
1094.6600 362.3043
1094.4601 420.2490
1094.4161 344.8741
1094.2509 458.2522
1093.7667 355.7194
1092.6787 516.5666
1092.5496 262.0360
1092.3876 272.1348
1091.1656 287.1132
1089.7063 258.8230
558.0834 261.5282
1089.3339 292.9788
1089.3096 454.4524
1088.9745 468.3914
1088.9745 468.3914
1088.0042 419.0891
1087.7302 358.6599
1086.9729 268.7685
1086.4574 450.6945
1086.3120 273.3555
1085.3416 354.8255
1085.1665 337.3925
1084.5690 324.4890
1084.3579 514.0870
1084.0292 422.1624
1083.6101 329.6469
1083.5942 334.5720
1081.1270 445.2371
573.8643 386.6103
1079.5172 448.6000
1079.2303 508.1096
1077.6398 264.1128
1077.6398 264.1128
1077.5024 290.8712
1077.4786 280.9858
1077.1064 433.9192
1076.9373 440.8504
1076.9373 440.8504
1075.8652 231.4436
1075.6635 240.8149
1075.6451 252.9175
1075.5824 462.9299
1075.5658 272.1100
1075.5520 191.3968
1074.6819 358.0836
1073.7498 260.8041
1073.4144 267.7734
599.8253 305.4835
1072.8925 508.1872
1072.2291 275.5248
1071.4380 442.9127
609.5605 333.1039
1071.0684 327.0226
610.0770 57.7053
1070.9733 284.1221
1070.7626 386.8588
1069.6644 246.4345
1068.3094 360.1834
1064.8391 362.3491
630.4310 473.4651
1063.8469 352.2051
1063.4381 429.6842
641.2207 454.0127
1063.3114 323.0287
645.7271 366.0822
647.7834 368.0441
1060.1226 380.5103
651.7282 448.2436
652.9133 371.8128
653.4994 459.2868
653.7598 467.0219
653.8024 450.4106
1058.7976 436.9308
657.6909 400.5752
657.9958 317.8473
657.9958 317.8473
658.4205 368.8925
1058.2620 499.9356
658.9074 368.6194
1056.7285 446.7522
660.7214 429.1619
660.7214 429.1619
660.8790 453.3832
1055.1343 495.8797
666.0639 373.4075
666.4870 391.3772
1043.0592 469.5943
675.2455 423.4253
675.2455 423.4253
676.7524 463.1051
679.5228 327.7655
680.2736 439.2245
680.2736 439.2245
686.9940 317.5886
686.9940 317.5886
687.9844 372.4749
689.4845 322.9361
690.6212 316.0938
690.8586 471.5990
690.8586 471.5990
690.8586 471.5990
1023.8002 113.1461
1023.8002 113.1461
1020.3120 120.5256
695.1201 316.2228
695.1201 316.2228
695.6677 323.9229
695.6677 323.9229
696.3159 319.9398
699.8662 369.7910
700.3321 417.8163
700.3856 411.4561
700.3856 411.4561
700.5775 443.3984
1006.0529 497.9684
700.6439 428.0267
701.3929 470.4237
701.4010 314.8034
702.7025 382.6308
703.1202 414.6795
703.1815 368.2661
703.3045 430.8445
703.3274 447.0995
704.5214 323.4863
705.4674 365.3969
705.4674 365.3969
712.3250 316.2104
971.0292 405.2489
712.9326 323.4057
714.3849 391.6557
714.4341 312.9899
716.5472 449.7103
716.9637 356.5767
717.4394 323.5232
720.9269 474.2887
721.2120 465.2654
722.0187 470.0587
722.0187 470.0587
722.1831 323.5438
722.2035 315.9067
722.9012 362.9710
723.2247 357.3114
723.2880 443.4226
724.9021 322.6106
724.9108 317.3275
725.0157 459.3923
727.3271 320.0649
946.1437 268.6481
727.7839 315.9335
731.0989 459.1718
731.9435 438.3674
732.4763 323.4980
732.5103 315.8731
736.4131 316.4406
739.9609 320.8053
741.3864 323.1831
741.4633 315.6479
741.4633 315.6479
923.1125 449.7552
743.7953 363.7559
743.7953 363.7559
759.6530 428.3708
759.6530 428.3708
763.6490 362.4663
764.6937 316.9843
764.6937 316.9843
765.2049 406.4536
768.4101 361.1167
770.5076 470.4492
771.0958 412.1338
771.2387 455.0388
843.3204 449.7626
840.5110 346.1191
772.1174 362.4149
834.9595 455.3692
772.6781 440.4003
778.2883 445.2611
778.9925 428.3198
781.0242 387.8853
782.5868 373.3359
1164.0270 361.7417
1164.2653 376.8195
1164.9868 437.4428
1165.8654 391.9079
1166.4824 382.4012
1166.6234 406.5986
1166.6234 406.5986
1166.6388 387.0029
1166.6388 387.0029
1166.6910 301.9779
1167.5134 450.3932
1168.2245 509.7802
1168.5223 495.5511
1169.3505 371.4575
1169.4725 516.1006
1169.5325 418.3208
1170.1528 461.2290
1170.2866 434.0995
1171.3132 394.3172
1172.0387 401.2612
1172.3950 378.4297
1172.3960 365.3039
1172.3960 365.3039
1172.3960 365.3039
1174.6757 430.0640
1174.7526 479.8299
1175.8500 413.7093
1175.9041 328.2574
1176.2140 409.3725
1177.3702 364.2210
1177.5391 511.1333
1177.5391 511.1333
1178.5106 375.9089
1179.6185 504.0389
1180.0948 387.3076
1180.0948 387.3076
1180.4083 409.4019
1180.7152 516.9539
1180.8746 360.6811
1181.0380 206.4789
1181.3464 284.8654
1182.5905 404.1456
1183.6993 372.9806
1184.0271 415.7983
1184.1072 189.9835
1186.0214 500.0615
1186.0214 500.0615
1186.2446 280.9227
1186.4991 334.7405
1187.0891 389.1065
1187.0891 389.1065
1187.7578 402.1879
1187.8037 353.0074
1188.7972 182.1413
1189.3878 201.2486
1189.7350 210.4571
1189.9154 437.1518
1190.1901 498.4334
1190.4314 276.0438
1190.4314 276.0438
1191.2325 516.3311
1191.6356 287.5934
1192.0050 509.9864
1192.0050 509.9864
1192.9413 419.7838
1193.3549 280.2120
1193.5387 466.3835
1193.6741 197.1713
1195.3622 292.7197
1195.9669 276.1681
1196.6362 448.7512
1196.6487 237.5193
1197.9003 211.0748
1198.0447 191.8641
1198.1713 405.3409
1198.5013 503.9113
1198.5264 288.5963
1198.5488 514.8258
1198.6005 380.3876
1198.8064 443.1277
1200.4034 385.8948
1200.4253 438.8933
1201.2441 387.2896
1201.6066 450.3230
1202.1887 507.8868
1202.2247 455.1198
1202.2247 455.1198
1202.6030 183.4037
1202.9291 341.3829
1203.4207 519.1048
1203.4866 418.4740
1203.7510 373.5824
1203.9601 190.3111
1204.4546 469.4221
1204.4546 469.4221
1204.9271 412.0865
1205.0721 483.9899
1205.1387 249.6709
1205.3851 382.1568
1205.8224 452.9844
1205.9264 196.6572
1206.0116 433.9252
1206.1702 390.5971
1206.1702 390.5971
1206.8962 445.9304
1207.2457 287.5479
1207.2457 287.5479
1207.5540 480.5345
1207.6802 315.9255
1207.9630 517.6242
1208.6219 270.3756
1209.5424 212.2850
1209.9047 399.8144
1210.7446 260.1017
1211.0370 376.1635
1211.0646 429.9772
1211.2173 245.7004
1211.2733 492.6164
1212.1478 282.6604
1212.2664 424.3558
1212.5206 203.9290
1212.8402 518.2333
1212.8506 218.7213
1213.6133 459.8604
1214.0139 435.2929
1214.0503 380.3210
1214.0684 509.1848
1215.0918 445.1483
1215.5089 193.3934
1215.6482 432.2278
1215.9252 250.4733
1215.9252 250.4733
1216.3097 186.4783
1216.5715 468.5096
1216.6002 385.4052
1216.8556 212.9499
1217.1475 412.9991
1217.1503 454.7261
1218.0603 337.2828
1218.0712 206.9904
1218.2201 505.5494
1218.2201 505.5494
1218.5623 381.0500
1220.0017 375.4866
1220.0017 375.4866
1221.0219 382.1379
1223.0980 450.2611
1223.6606 326.6329
1223.8530 414.1616
1224.3384 396.8089
1224.6354 431.3155
1224.6354 431.3155
1225.2112 376.3555
1226.3011 405.5609
1226.5382 505.8359
1226.5382 505.8359
1226.5668 369.4366
1227.1555 388.5490
1227.3401 212.6999
1227.5798 496.7736
1227.8746 381.8142
1229.5409 517.7926
1229.6964 412.5822
1231.8405 310.6893
1231.8429 513.4553
1232.4053 395.9226
1232.6237 230.9614
1233.2838 455.6017
1233.4108 211.2624
1233.4286 352.4349
1233.4978 420.8131
1233.5656 498.4329
1233.5656 498.4329
1233.6660 194.5460
1233.7017 303.2766
1234.2822 402.2582
1234.2847 406.4464
1234.4408 470.7338
1235.7056 471.2279
1236.4240 237.0726
1236.8700 374.0096
1237.5828 501.4304
1237.5828 501.4304
1238.3208 322.5412
1238.4336 440.0904
1238.6943 305.2915
1238.6943 305.2915
1239.2777 516.9575
1239.4015 243.9420
1241.3180 345.3750
1242.1447 522.8032
1242.4578 192.0116
1243.0508 385.0136
1243.2870 447.5519
1243.3960 314.5897
1243.6993 331.6638
1243.9736 412.9034
1244.1046 510.3861
1244.3752 432.5119
1245.2997 185.8037
1245.5830 421.8902
1246.4041 226.0847
1248.2806 436.6386
1249.3320 426.2274
1249.7561 516.8511
1249.8584 310.2418
1251.0018 396.4684
1251.3337 297.3977
1251.7244 219.6517
1252.5476 172.5384
1253.8159 256.9527
1254.7223 315.9821
1255.1290 234.6792
1093.6289 322.4029
1097.4554 115.5107
1097.7410 383.1004
948.5839 423.4586
970.1174 426.5826
974.8931 426.1937
1223.1921 358.8563
1217.9633 421.7391
1207.5117 507.7319
1008.8607 439.9695
1008.8694 436.7686
780.1846 160.7737
1178.4325 452.3295
1158.7405 479.3918
613.6507 54.5229
1070.8286 500.3742
444.7740 60.0217
603.6780 453.2262
595.4730 347.1758
501.7232 227.9021
1126.1793 374.7049
566.7898 398.1917
1123.2716 368.8740
1123.2716 368.8740
1122.2781 249.2913
1086.1357 332.0574
522.5376 453.3315
1115.1798 369.3862
1118.0873 205.3483
449.7558 74.4225
668.6918 54.5978
975.3494 432.1922
834.1827 175.1592
